alaska = [(33, 91),(59, 75),(87, 62),(121, 64),(107, 75),(98, 85),(66, 87)]
north_west_territory = [(113, 88),(129, 77),(141, 65),(182, 61),(183, 61),(212, 69),(243, 69),(287, 65),(266, 79),(242, 88),(208, 89),(172, 87),(140, 89)]
alberta = [(121, 100),(154, 103),(201, 101),(192, 122),(175, 136),(143, 134),(118, 134)]
ontario = [(202, 136),(214, 119),(223, 100),(238, 101),(251, 114),(267, 120),(267, 121),(266, 136),(262, 149),(266, 159),(251, 141),(226, 139)]
quebec = [(272, 148),(288, 129),(307, 108),(327, 103),(348, 128),(317, 133),(291, 152)]
western_united_states = [(119, 149),(149, 151),(188, 151),(185, 170),(183, 191),(153, 192),(139, 210),(118, 214),(98, 210)]
eastern_united_states = [(203, 147),(216, 148),(224, 162),(240, 171),(261, 172),(279, 165),(303, 157),(252, 199),(225, 224),(196, 224),(161, 236),(143, 224),(157, 204),(192, 201),(200, 175)]
greenland = [(406, 70),(414, 36),(460, 21),(506, 23),(487, 54),(452, 63),(422, 81)]
mexico = [(104, 250),(96, 223),(111, 224),(123, 250),(134, 276),(158, 287),(184, 298),(205, 313),(226, 322),(205, 298),(193, 272),(154, 249),(135, 231),(126, 226)]
venezuela = [(232, 356),(239, 343),(236, 331),(257, 314),(283, 322),(304, 332),(331, 344),(310, 349),(294, 338),(280, 354),(261, 358),(258, 367),(245, 361)]
peru = [(228, 365),(244, 374),(254, 380),(246, 392),(254, 410),(278, 417),(300, 430),(312, 444),(319, 469),(327, 480),(308, 461),(286, 458),(270, 440),(261, 436)]
argentina = [(269, 448),(285, 470),(308, 475),(328, 490),(332, 514),(322, 532),(311, 542),(308, 558),(309, 581),(306, 596),(290, 573),(285, 551),(279, 524)]
